1
1
1
1
1
1
1
1
1
1
1
1
1
1
1
1
1
1
1
1
1
1
1
1
1
1
1
1
1
1
1
1
1
1
1
1
1
1
1
1
1
1
1
1
1
1
1
1
1
1
1
1
1
1
1
1
1
1
1
1
1
1
1
1
1
1
1
1
1
1
1
1
1
1
1
1
1
1
1
1
1
1
1
1
1
1
1
1
1
1
1
1
1
1
1
1
1
1
1
1
1
1
1
1
1
1
1
1
1
1
1
1
1
1
1
1
1
1
1
1
1
0
0,00833333333333333
0,0166666666666667
0,025
0,0333333333333333
0,0416666666666667
0,05
0,0583333333333333
0,0666666666666667
0,075
0,0833333333333333
0,0916666666666667
0,1
0,108333333333333
0,116666666666667
0,125
0,133333333333333
0,141666666666667
0,15
0,158333333333333
0,166666666666667
0,175
0,183333333333333
0,191666666666667
0,2
0,208333333333333
0,216666666666667
0,225
0,233333333333333
0,241666666666667
0,25
0,258333333333333
0,266666666666667
0,275
0,283333333333333
0,291666666666667
0,3
0,308333333333333
0,316666666666667
0,325
0,333333333333333
0,341666666666667
0,35
0,358333333333333
0,366666666666667
0,375
0,383333333333333
0,391666666666667
0,4
0,408333333333333
0,416666666666667
0,425
0,433333333333333
0,441666666666667
0,45
0,458333333333333
0,466666666666667
0,475
0,483333333333333
0,491666666666667
0,5
0,508333333333333
0,516666666666667
0,525
0,533333333333333
0,541666666666667
0,55
0,558333333333333
0,566666666666667
0,575
0,583333333333333
0,591666666666667
0,6
0,608333333333333
0,616666666666667
0,625
0,633333333333333
0,641666666666667
0,65
0,658333333333333
0,666666666666667
0,675
0,683333333333333
0,691666666666667
0,7
0,708333333333333
0,716666666666667
0,725
0,733333333333333
0,741666666666667
0,75
0,758333333333333
0,766666666666667
0,775
0,783333333333333
0,791666666666667
0,8
0,808333333333333
0,816666666666667
0,825
0,833333333333333
0,841666666666667
0,85
0,858333333333333
0,866666666666667
0,875
0,883333333333333
0,891666666666667
0,9
0,908333333333333
0,916666666666667
0,925
0,933333333333333
0,941666666666667
0,95
0,958333333333333
0,966666666666667
0,975
0,983333333333333
0,991666666666667
1
1
1
1
1
1
1
1
1
1
1
1
1
1
1
1
1
1
1
1
1
1
1
1
1
1
1
1
1
1
1
1
1
1
1
1
1
1
1
1
1
1
1
1
1
1
1
1
1
1
1
1
1
1
1
1
1
1
1
1
1
1
1
1
1
1
1
1
1
1
1
1
1
1
1
1
1
1
1
1
1
1
1
1
1
1
1
1
1
1
1
1
1
1
1
1
1
1
1
1
1
1
1
1
1
1
1
1
1
1
1
1
1
1
1
1
1
1
1
1
1
1
